

System 'Assignment2_1'
-------------------

R[t1] = 2.000000
R[t2] = 5.000000
R[t3] = 13.000000
R[t4] = 54.000000

U[t1] = 0.925714
U[t2] = 0.925714
U[t3] = 0.925714
U[t4] = 0.925714
