

System 'Assignment4_1'
-------------------

R[t1] = 2.000000
R[t2] = 10.000000
R[t3] = 19.000000
R[t4] = 26.000000

U[t1] = 0.640000
U[t2] = 0.640000
U[t3] = 0.640000
U[t4] = 0.640000
