

System 'Assignment4_1'
-------------------

R[t1] = 5.000000
R[t2] = 40.000000

U[t1] = 0.850000
U[t2] = 0.850000
