

System 'Assignment2_1'
-------------------

R[t1] = 2.000000
R[t2] = 5.000000
R[t3] = 17.000000
R[t4] = 26.000000

U[t1] = 0.640000
U[t2] = 0.640000
U[t3] = 0.640000
U[t4] = 0.640000
