

System 'Assignment4_1'
-------------------

w[t1] = 5.000000
w[t2] = 45.000000

R[t1] = 10.000000
R[t2] = 55.000000

U[t1] = 0.850000
U[t2] = 0.850000
