System 'Assignment3_1'
-------------------

R[t1] = 2.200000
R[t2] = 5.600000
R[t3] = 17.800000
R[t4] = 518.000000

U[t1] = 0.925714
U[t2] = 0.925714
U[t3] = 0.925714
U[t4] = 0.925714
