

System 'Assignment2_1'
-------------------

R[t1] = 28.000000
R[t2] = 12.000000
R[t3] = 9.000000
R[t4] = 4.000000

U[t1] = 0.925714
U[t2] = 0.925714
U[t3] = 0.925714
U[t4] = 0.925714
